[29.60581726690888, 32.40612168842742, 41.37777602985815, 10000000000.0]

Seq: [0, 4, 0]
[[0, 51, 72], [array([0., 0.]), array([ -5.22502, -13.8501 ]), array([0., 0.])], 29.60581726690888]
##################################################
Seq: [0, 29, 4, 0]
[[0, 2, 51, 72], [array([0., 0.]), array([ -5.1857, -15.2989]), array([ -5.22502, -13.8501 ]), array([0., 0.])], 32.40612168842742]
##################################################
Seq: [0, 29, 32, 4, 0]
[[0, 2, 16, 51, 72], [array([0., 0.]), array([ -5.1857, -15.2989]), array([ -5.63065, -19.767  ]), array([ -5.22502, -13.8501 ]), array([0., 0.])], 41.37777602985815]
##################################################
